ticker,market,security_name,sector,signal_date,signal_close,entry_date,entry_price,exit_date,exit_price,holding_sessions,return_pct,output_signal,setup_type,stoch_k,stoch_d,effective_buy_stoch_max,relative_volume_ratio,volume_history_percentile,average_daily_turnover_20,ema50_distance_atr,extreme_extension_review
LINC.NS,INDIA,Linc Limited,,2024-09-02,168.4462,2024-09-03,170.1266,2024-09-09,151.9883,5,-10.6616,Buy_Momentum_Extension,MOMENTUM_CONTINUATION_EXTENDED,87.1511,79.813,100.0,4.2015,,35541241.28,3.3825,False
LINC.NS,INDIA,Linc Limited,,2024-09-16,168.9775,2024-09-17,168.9775,2024-09-23,172.2023,5,1.9084,Buy_Early_Momentum,EARLY_MOMENTUM_POSITIVE_PHASE,83.7611,30.5458,90.0,3.1371,,45250989.86,2.3561,False
LINC.NS,INDIA,Linc Limited,,2024-09-26,185.7937,2024-09-27,185.5589,2024-10-04,159.9207,5,-13.8168,Buy_Momentum_Extension,MOMENTUM_CONTINUATION_EXTENDED,88.7221,77.3895,100.0,3.2886,,72037791.76,3.3499,False
LINC.NS,INDIA,Linc Limited,,2024-12-10,168.0632,2024-12-11,170.4973,2024-12-17,188.2525,5,10.4138,Buy_Momentum_Extension,MOMENTUM_CONTINUATION,84.9152,71.1009,100.0,2.9328,,16084956.39,1.9106,False
LINC.NS,INDIA,Linc Limited,,2024-12-17,188.2525,2024-12-18,191.6009,2024-12-24,165.1225,5,-13.8196,Buy_Momentum_Extension,MOMENTUM_CONTINUATION_EXTENDED,79.8265,85.058,100.0,4.8245,,41120069.41,4.0941,False
LINCOLN.NS,INDIA,Lincoln Pharmaceuticals Limited,,2024-08-12,676.5762,2024-08-13,679.2116,2024-08-20,695.5206,5,2.4012,Buy_Early_Momentum,EARLY_MOMENTUM_POSITIVE_PHASE,74.2386,48.0627,90.0,2.49,,53177910.87,1.8043,False
LINCOLN.NS,INDIA,Lincoln Pharmaceuticals Limited,,2024-08-20,695.5206,2024-08-21,704.6696,2024-08-27,707.2552,5,0.3669,Buy_Momentum_Extension,MOMENTUM_CONTINUATION,96.1049,58.4592,100.0,2.4449,,64794354.12,2.3296,False
LINCOLN.NS,INDIA,Lincoln Pharmaceuticals Limited,,2024-09-05,768.1157,2024-09-06,768.7124,2024-09-12,767.4196,5,-0.1682,Buy_Early_Momentum,EARLY_MOMENTUM_POSITIVE_PHASE,71.7248,55.9228,90.0,7.8136,,87957776.33,3.8767,False
LINCOLN.NS,INDIA,Lincoln Pharmaceuticals Limited,,2026-04-23,611.45,2026-04-24,611.85,2026-04-30,645.8,5,5.5487,Buy_Momentum_Extension,MOMENTUM_CONTINUATION,73.2288,71.6385,100.0,1.5302,,28191575.41,1.2348,False
LINCOLN.NS,INDIA,Lincoln Pharmaceuticals Limited,,2026-05-19,710.35,2026-05-20,714.65,2026-05-26,747.45,5,4.5897,Buy_Early_Momentum,EARLY_MOMENTUM_POSITIVE_PHASE,85.9412,42.2875,90.0,0.8311,,193455078.55,2.6162,False
LINDEINDIA.NS,INDIA,Linde India Limited,,2026-05-04,7443.0,2026-05-05,7498.0,2026-05-11,7741.0,5,3.2409,Buy_Early_Momentum,EARLY_MOMENTUM_POSITIVE_PHASE,74.5583,59.6846,80.0,3.3256,,314461912.05,2.0522,False
LLOYDSENGG.NS,INDIA,LLOYDS ENGINEERING WORKS LIMITED,,2025-01-08,87.471,2025-01-09,88.4875,2025-01-15,79.9377,5,-9.6622,Buy_Momentum_Extension,MOMENTUM_CONTINUATION,90.6133,68.7661,100.0,3.3156,,437597933.78,2.5757,False
LLOYDSENGG.NS,INDIA,LLOYDS ENGINEERING WORKS LIMITED,,2025-01-20,86.1557,2025-01-21,86.6938,2025-01-27,77.6856,5,-10.3908,Buy_Momentum_Extension,MOMENTUM_CONTINUATION,70.1648,43.04,100.0,0.9987,,583456252.65,1.7534,False
LLOYDSENGG.NS,INDIA,LLOYDS ENGINEERING WORKS LIMITED,,2026-06-22,90.29,2026-06-23,90.62,2026-06-29,87.11,5,-3.8733,Buy_Momentum_Extension,MOMENTUM_CONTINUATION_EXTENDED,93.3281,83.6585,100.0,1.6351,,2317699160.44,4.8718,False
LLOYDSENT.NS,INDIA,Lloyds Enterprises Limited,,2026-06-18,76.8278,2026-06-19,77.2775,2026-06-25,73.1203,5,-5.3795,Buy_Momentum_Extension,MOMENTUM_CONTINUATION,88.7173,67.3357,100.0,3.5536,,270465813.14,2.9723,False
LLOYDSENT.NS,INDIA,Lloyds Enterprises Limited,,2026-07-06,77.72,2026-07-07,77.78,2026-07-13,78.87,5,1.4014,Buy_Early_Momentum,EARLY_MOMENTUM_POSITIVE_PHASE,75.8796,39.5627,90.0,1.6326,,348371123.11,2.4095,False
LLOYDSENT.NS,INDIA,Lloyds Enterprises Limited,,2026-07-13,78.87,2026-07-14,78.0,2026-07-20,82.23,5,5.4231,Buy_Early_Momentum,EARLY_MOMENTUM_POSITIVE_PHASE,81.8097,59.7377,90.0,2.722,,399107964.95,2.2026,False
LLOYDSME.NS,INDIA,Lloyds Metals And Energy Limited,,2024-08-02,779.4723,2024-08-05,766.806,2024-08-09,759.8745,5,-0.9039,Buy_Momentum_Extension,MOMENTUM_CONTINUATION,85.9502,80.1202,100.0,1.2664,,798378663.25,1.8877,False
LLOYDSME.NS,INDIA,Lloyds Metals And Energy Limited,,2024-08-09,759.8745,2024-08-12,755.9848,2024-08-19,750.0908,5,-0.7796,Buy_Early_Momentum,EARLY_MOMENTUM_POSITIVE_PHASE,60.5319,43.1703,80.0,0.6098,76.9841,646864706.58,1.0985,False
LLOYDSME.NS,INDIA,Lloyds Metals And Energy Limited,,2024-08-22,775.5067,2024-08-23,777.3542,2024-08-29,768.2164,5,-1.1755,Buy_Momentum_Extension,MOMENTUM_CONTINUATION,77.7006,57.016,100.0,0.9749,,521395418.52,1.5235,False
LLOYDSME.NS,INDIA,Lloyds Metals And Energy Limited,,2024-09-23,870.0295,2024-09-24,874.823,2024-09-30,947.0757,5,8.2591,Buy_Momentum_Extension,MOMENTUM_CONTINUATION_EXTENDED,97.4657,87.8055,100.0,1.3414,,444835589.26,3.7048,False
LLOYDSME.NS,INDIA,Lloyds Metals And Energy Limited,,2024-09-30,947.0757,2024-10-01,946.6264,2024-10-08,927.0528,5,-2.0677,Buy_Momentum_Extension,MOMENTUM_CONTINUATION_EXTENDED,93.1024,92.6584,100.0,0.8995,,615642373.31,4.9444,False
LLOYDSME.NS,INDIA,Lloyds Metals And Energy Limited,,2024-10-10,992.8643,2024-10-11,990.2178,2024-10-17,1000.0046,5,0.9883,Buy_Momentum_Extension,MOMENTUM_CONTINUATION_EXTENDED,90.0481,72.3789,100.0,0.6218,70.2381,760945762.29,4.0738,False
LLOYDSME.NS,INDIA,Lloyds Metals And Energy Limited,,2024-11-29,1038.1034,2024-12-02,1053.5825,2024-12-06,1049.3882,5,-0.3981,Buy_Early_Momentum,EARLY_MOMENTUM_POSITIVE_PHASE,84.8436,48.8144,90.0,8.3833,,279475237.02,2.4804,False
LLOYDSME.NS,INDIA,Lloyds Metals And Energy Limited,,2024-12-10,1123.7881,2024-12-11,1133.4751,2024-12-17,1152.2,5,1.652,Buy_Momentum_Extension,MOMENTUM_CONTINUATION_EXTENDED,97.2603,84.9527,100.0,1.8605,,586141400.42,4.0458,False
LLOYDSME.NS,INDIA,Lloyds Metals And Energy Limited,,2024-12-31,1230.1948,2025-01-01,1236.6363,2025-01-07,1418.9908,5,14.746,Buy_Momentum_Extension,MOMENTUM_CONTINUATION_EXTENDED,98.9814,85.5141,100.0,0.666,68.254,949391722.33,4.5178,False
LLOYDSME.NS,INDIA,Lloyds Metals And Energy Limited,,2025-04-22,1317.9269,2025-04-23,1332.2076,2025-04-29,1201.5834,5,-9.8051,Buy_Momentum_Extension,MOMENTUM_CONTINUATION,92.0544,77.2778,100.0,1.2579,,696297936.18,1.6216,False
LLOYDSME.NS,INDIA,Lloyds Metals And Energy Limited,,2025-06-04,1499.104,2025-06-05,1504.101,2025-06-11,1506.4996,5,0.1595,Buy_Momentum_Extension,MOMENTUM_CONTINUATION_EXTENDED,92.3464,75.8872,100.0,2.5063,,821116004.03,3.7743,False
LLOYDSME.NS,INDIA,Lloyds Metals And Energy Limited,,2026-05-27,1857.6898,2026-05-28,1857.6898,2026-06-03,1791.7292,5,-3.5507,Buy_Early_Momentum,EARLY_MOMENTUM_POSITIVE_PHASE,88.1981,67.7707,90.0,0.8749,,1245820201.43,4.5523,False
LLOYDSME.NS,INDIA,Lloyds Metals And Energy Limited,,2026-07-13,1827.1,2026-07-14,1824.0,2026-07-20,1907.9,5,4.5998,Buy_Early_Momentum,EARLY_MOMENTUM_POSITIVE_PHASE,84.9748,45.0615,90.0,0.9908,,818853679.93,1.8462,False
LLOYDSME.NS,INDIA,Lloyds Metals And Energy Limited,,2026-07-20,1907.9,2026-07-21,1916.4,2026-07-27,2014.9,5,5.1398,Buy_Momentum_Extension,MOMENTUM_CONTINUATION,96.6488,88.7231,100.0,1.369,,946775449.56,2.7575,False
LMW.NS,INDIA,LMW Limited,,2024-09-11,16398.4883,2024-09-12,16563.4241,2024-09-18,16037.2393,5,-3.1768,Buy_Momentum_Extension,MOMENTUM_CONTINUATION,77.3132,78.6605,100.0,2.3269,,100925316.05,1.7072,False
LMW.NS,INDIA,LMW Limited,,2024-09-30,18347.5547,2024-10-01,18176.9393,2024-10-08,16916.5547,5,-6.934,Buy_Momentum_Extension,MOMENTUM_CONTINUATION_EXTENDED,78.6377,73.9183,100.0,3.058,,150741674.56,3.7008,False
LMW.NS,INDIA,LMW Limited,,2024-12-11,17303.1484,2024-12-12,17330.2897,2024-12-18,17272.375,5,-0.3342,Buy_Momentum_Extension,MOMENTUM_CONTINUATION,96.1723,78.0763,100.0,0.8631,,127096816.22,2.019,False
LMW.NS,INDIA,LMW Limited,,2025-05-12,16841.3066,2025-05-13,17081.3425,2025-05-19,17327.3535,5,1.4402,Buy_Early_Momentum,EARLY_MOMENTUM_POSITIVE_PHASE,85.0174,40.8968,90.0,2.2589,,109802793.1,1.9701,False
LMW.NS,INDIA,LMW Limited,,2026-07-15,16328.1367,2026-07-16,16335.1212,2026-07-22,16096.0,5,-1.4638,Buy_Early_Momentum,EARLY_MOMENTUM_POSITIVE_PHASE,72.5441,62.3857,80.0,1.3131,,57822014.16,1.8387,False
LODHA.NS,INDIA,Lodha Developers Limited,,2024-11-27,1277.7383,2024-11-28,1286.6589,2024-12-04,1366.5953,5,6.2127,Buy_Momentum_Extension,MOMENTUM_CONTINUATION,73.4404,62.3766,100.0,1.0355,,2216407179.68,0.924,False
LODHA.NS,INDIA,Lodha Developers Limited,,2024-12-04,1366.5953,2024-12-05,1370.4826,2024-12-11,1406.3643,5,2.6182,Buy_Momentum_Extension,MOMENTUM_CONTINUATION,95.261,75.0152,100.0,1.7261,,2479228336.12,2.0961,False
LODHA.NS,INDIA,Lodha Developers Limited,,2024-12-17,1485.8523,2024-12-18,1493.6267,2024-12-24,1398.4404,5,-6.3728,Buy_Momentum_Extension,MOMENTUM_CONTINUATION_EXTENDED,81.4175,90.8305,100.0,1.5966,,2934672915.98,3.5668,False
LODHA.NS,INDIA,Lodha Developers Limited,,2025-05-27,1448.625,2025-05-28,1455.2034,2025-06-03,1441.8473,5,-0.9178,Buy_Momentum_Extension,MOMENTUM_CONTINUATION,89.8781,85.5733,100.0,1.3808,,2104646854.84,2.9335,False
LODHA.NS,INDIA,Lodha Developers Limited,,2025-06-06,1511.0193,2025-06-09,1524.9733,2025-06-13,1447.8276,5,-5.0588,Buy_Early_Momentum,EARLY_MOMENTUM_POSITIVE_PHASE,88.2003,61.8561,90.0,1.5633,,2160776770.51,3.609,False
LOKESHMACH.NS,INDIA,Lokesh Machines Limited,,2026-06-15,268.9,2026-06-16,268.8,2026-06-22,283.55,5,5.4874,Buy_Momentum_Extension,MOMENTUM_CONTINUATION,73.8652,62.2447,100.0,2.5611,,5055225.77,1.787,False
LOKESHMACH.NS,INDIA,Lokesh Machines Limited,,2026-06-23,297.7,2026-06-24,300.0,2026-06-30,272.1,5,-9.3,Buy_Momentum_Extension,MOMENTUM_CONTINUATION_EXTENDED,100.0,87.5396,100.0,3.1425,,6480839.96,3.5073,False
LOKESHMACH.NS,INDIA,Lokesh Machines Limited,,2026-07-03,314.9,2026-07-06,330.6,2026-07-10,330.35,5,-0.0756,Buy_Momentum_Extension,MOMENTUM_CONTINUATION_EXTENDED,100.0,52.0772,100.0,0.8735,,8214512.73,4.2292,False
LORDSCHLO.NS,INDIA,Lords Chloro Alkali Limited,,2024-12-13,183.57,2024-12-16,184.97,2024-12-20,167.08,5,-9.6718,Buy_Momentum_Extension,MOMENTUM_CONTINUATION_EXTENDED,96.7952,91.7835,100.0,2.1389,,11764047.21,4.6141,False
LORDSCHLO.NS,INDIA,Lords Chloro Alkali Limited,,2025-01-02,198.85,2025-01-03,202.99,2025-01-09,202.8,5,-0.0936,Buy_Momentum_Extension,MOMENTUM_CONTINUATION_EXTENDED,75.0353,54.691,100.0,6.2393,,15444540.78,3.4634,False
LORDSCHLO.NS,INDIA,Lords Chloro Alkali Limited,,2025-07-01,174.29,2025-07-02,174.34,2025-07-08,161.88,5,-7.1469,Buy_Early_Momentum,EARLY_MOMENTUM_POSITIVE_PHASE,83.9092,45.8994,90.0,5.9827,,7336780.84,2.2182,False
LORDSCHLO.NS,INDIA,Lords Chloro Alkali Limited,,2025-07-15,172.16,2025-07-16,173.52,2025-07-22,228.57,5,31.7255,Buy_Momentum_Extension,MOMENTUM_CONTINUATION,82.1862,56.0909,100.0,0.9044,,9047455.81,1.6597,False
LORDSCHLO.NS,INDIA,Lords Chloro Alkali Limited,,2025-07-22,228.57,2025-07-23,234.55,2025-07-29,217.69,5,-7.1882,Buy_Momentum_Extension,MOMENTUM_CONTINUATION_EXTENDED_EXTENDED_REVIEW,100.0,89.1505,100.0,12.077,,19644597.85,5.8916,True
LORDSCHLO.NS,INDIA,Lords Chloro Alkali Limited,,2025-10-17,214.52,2025-10-20,224.5,2025-10-27,224.86,5,0.1604,Buy_Momentum_Extension,MOMENTUM_CONTINUATION_EXTENDED,98.6831,92.4097,100.0,1.9322,,4820253.77,3.2019,False
LOTUSEYE.NS,INDIA,Lotus Eye Hospital and Institute Limited,,2025-07-15,78.51,2025-07-16,78.51,2025-07-22,74.99,5,-4.4835,Buy_Momentum_Extension,MOMENTUM_CONTINUATION,88.6076,47.8885,100.0,1.5614,,2680374.65,2.1136,False
LOTUSEYE.NS,INDIA,Lotus Eye Hospital and Institute Limited,,2025-08-13,75.73,2025-08-14,77.45,2025-08-21,89.9,5,16.0749,Buy_Early_Momentum,EARLY_MOMENTUM_POSITIVE_PHASE,79.3832,62.2051,90.0,3.8493,,1069095.6,0.9448,False
LOTUSEYE.NS,INDIA,Lotus Eye Hospital and Institute Limited,,2025-08-21,89.9,2025-08-22,90.9,2025-08-29,116.84,5,28.5368,Buy_Momentum_Extension,MOMENTUM_CONTINUATION_EXTENDED,94.1799,83.1693,100.0,3.6248,,5286205.49,3.9648,False
LOTUSEYE.NS,INDIA,Lotus Eye Hospital and Institute Limited,,2025-08-29,116.84,2025-09-01,116.99,2025-09-05,121.58,5,3.9234,Buy_Momentum_Extension,MOMENTUM_CONTINUATION_EXTENDED_EXTENDED_REVIEW,94.8565,88.5305,100.0,4.082,,24049906.7,6.0994,True
LOTUSEYE.NS,INDIA,Lotus Eye Hospital and Institute Limited,,2026-01-29,141.38,2026-01-30,145.1,2026-02-05,120.66,5,-16.8436,Buy_Momentum_Extension,MOMENTUM_CONTINUATION_EXTENDED,100.0,90.3378,100.0,1.2823,,5258155.66,3.8462,False
LOTUSEYE.NS,INDIA,Lotus Eye Hospital and Institute Limited,,2026-04-23,126.47,2026-04-24,126.47,2026-04-30,118.87,5,-6.0093,Buy_Momentum_Extension,MOMENTUM_CONTINUATION,94.6371,77.962,100.0,5.1667,,1804866.03,2.5285,False
LOTUSEYE.NS,INDIA,Lotus Eye Hospital and Institute Limited,,2026-06-10,122.42,2026-06-11,120.1,2026-06-17,136.28,5,13.4721,Buy_Momentum_Extension,MOMENTUM_CONTINUATION,71.3788,67.303,100.0,0.8324,,2145973.6,1.4863,False
LOVABLE.NS,INDIA,Lovable Lingerie Limited,,2024-07-29,159.13,2024-07-30,160.7,2024-08-05,141.98,5,-11.649,Buy_Momentum_Extension,MOMENTUM_CONTINUATION,66.7507,63.6592,100.0,6.5938,,24639801.35,2.5786,False
LOVABLE.NS,INDIA,Lovable Lingerie Limited,,2024-08-20,160.7,2024-08-21,162.0,2024-08-27,188.63,5,16.4383,Buy_Early_Momentum,EARLY_MOMENTUM_POSITIVE_PHASE,83.7121,46.5502,90.0,1.0352,,42789025.74,1.8392,False
LOVABLE.NS,INDIA,Lovable Lingerie Limited,,2024-08-27,188.63,2024-08-28,189.0,2024-09-03,166.17,5,-12.0794,Buy_Momentum_Extension,MOMENTUM_CONTINUATION_EXTENDED,90.9636,86.9729,100.0,0.7112,94.8413,90285724.06,3.534,False
LPDC.NS,INDIA,Landmark Property Development Company Limited,,2024-12-06,13.57,2024-12-09,15.3,2024-12-13,12.28,5,-19.7386,Buy_Momentum_Extension,MOMENTUM_CONTINUATION_EXTENDED,100.0,90.6876,100.0,32.0494,,1347913.5,4.6055,False
LT.NS,INDIA,Larsen & Toubro Limited,,2024-07-31,3743.1877,2024-08-01,3738.2817,2024-08-07,3569.7649,5,-4.5079,Buy_Momentum_Extension,MOMENTUM_CONTINUATION,98.0663,77.1756,100.0,0.9343,,10831485696.76,2.4577,False
LT.NS,INDIA,Larsen & Toubro Limited,,2024-08-30,3634.915,2024-09-02,3636.2396,2024-09-06,3507.4602,5,-3.5416,Buy_Momentum_Extension,MOMENTUM_CONTINUATION,79.5177,79.8937,80.0,1.3457,,7003714494.95,1.354,False
LT.NS,INDIA,Larsen & Toubro Limited,,2024-09-18,3660.2292,2024-09-19,3679.4114,2024-09-25,3722.436,5,1.1693,Buy_Momentum_Extension,MOMENTUM_CONTINUATION,88.6152,63.5484,100.0,1.1517,,7150398754.89,1.669,False
LT.NS,INDIA,Larsen & Toubro Limited,,2024-12-04,3718.5601,2024-12-05,3738.2819,2024-12-11,3843.0225,5,2.8018,Buy_Momentum_Extension,MOMENTUM_CONTINUATION,87.538,83.8296,100.0,1.4141,,6600899999.47,2.1743,False
LT.NS,INDIA,Larsen & Toubro Limited,,2025-08-12,3650.4448,2025-08-13,3660.249,2025-08-20,3557.5522,5,-2.8057,Buy_Momentum_Extension,MOMENTUM_CONTINUATION,72.2997,80.2087,100.0,1.2162,,6843936456.5,2.0305,False
LT.NS,INDIA,Larsen & Toubro Limited,,2025-09-18,3650.3457,2025-09-19,3643.4134,2025-09-25,3609.1479,5,-0.9405,Buy_Momentum_Extension,MOMENTUM_CONTINUATION,90.4051,70.0236,100.0,0.9139,,5073150986.28,1.9461,False
LT.NS,INDIA,Larsen & Toubro Limited,,2025-10-06,3700.8525,2025-10-07,3711.7461,2025-10-13,3733.0381,5,0.5736,Buy_Momentum_Extension,MOMENTUM_CONTINUATION,68.1344,49.9555,100.0,0.878,,6665926927.15,1.8492,False
LT.NS,INDIA,Larsen & Toubro Limited,,2025-10-16,3824.4453,2025-10-17,3822.6628,2025-10-24,3867.1282,5,1.1632,Buy_Momentum_Extension,MOMENTUM_CONTINUATION_EXTENDED,86.8235,84.8929,100.0,1.2319,,7234518859.39,3.2753,False
LT.NS,INDIA,Larsen & Toubro Limited,,2026-02-18,4284.0562,2026-02-19,4284.2542,2026-02-25,4256.9209,5,-0.638,Buy_Momentum_Extension,MOMENTUM_CONTINUATION_EXTENDED,96.891,94.9313,100.0,0.9687,,9033191154.21,4.0284,False
LT.NS,INDIA,Larsen & Toubro Limited,,2026-06-15,4169.7998,2026-06-16,4205.0,2026-06-22,4201.2998,5,-0.088,Buy_Early_Momentum,EARLY_MOMENTUM_POSITIVE_PHASE,87.4896,37.4623,90.0,2.1097,,7862745890.49,2.5666,False
LTF.NS,INDIA,L&T Finance Limited,,2024-09-18,172.4417,2024-09-19,173.8932,2024-09-25,182.5635,5,4.986,Buy_Momentum_Extension,MOMENTUM_CONTINUATION,85.2867,75.166,100.0,1.1345,,1015782802.71,1.1933,False
LTF.NS,INDIA,L&T Finance Limited,,2025-06-06,187.8559,2025-06-09,189.786,2025-06-13,183.7977,5,-3.1553,Buy_Momentum_Extension,MOMENTUM_CONTINUATION_EXTENDED,90.2857,75.0719,100.0,3.8562,,1045916019.39,4.5647,False
LTF.NS,INDIA,L&T Finance Limited,,2025-06-25,199.4564,2025-06-26,199.892,2025-07-02,204.1184,5,2.1144,Buy_Momentum_Extension,MOMENTUM_CONTINUATION_EXTENDED,88.8983,68.15,100.0,1.2806,,1629657904.1,4.3192,False
LTF.NS,INDIA,L&T Finance Limited,,2025-08-22,220.4305,2025-08-25,220.4305,2025-09-01,220.3216,5,-0.0494,Buy_Momentum_Extension,MOMENTUM_CONTINUATION_EXTENDED,91.0553,87.8913,100.0,1.3941,,1349468422.01,3.7786,False
LTF.NS,INDIA,L&T Finance Limited,,2025-09-04,225.528,2025-09-05,226.9632,2025-09-11,231.1303,5,1.836,Buy_Momentum_Extension,MOMENTUM_CONTINUATION_EXTENDED,84.2705,75.4602,100.0,0.9123,,1506263284.61,3.8873,False
LTF.NS,INDIA,L&T Finance Limited,,2025-09-17,240.4147,2025-09-18,240.7711,2025-09-24,244.3047,5,1.4676,Buy_Momentum_Extension,MOMENTUM_CONTINUATION_EXTENDED_EXTENDED_REVIEW,94.5638,90.4095,100.0,0.812,,1659825495.67,5.6943,True
LTF.NS,INDIA,L&T Finance Limited,,2025-10-03,259.6566,2025-10-06,262.0025,2025-10-10,253.4307,5,-3.2716,Buy_Momentum_Extension,MOMENTUM_CONTINUATION_EXTENDED_EXTENDED_REVIEW,94.558,65.3971,100.0,1.5781,,1498814029.21,5.5308,True
LTF.NS,INDIA,L&T Finance Limited,,2025-11-04,277.1466,2025-11-06,276.8496,2025-11-12,291.8947,5,5.4344,Buy_Early_Momentum,EARLY_MOMENTUM_POSITIVE_PHASE,78.0029,64.8362,90.0,0.9487,,1903541125.94,4.8045,False
LTF.NS,INDIA,L&T Finance Limited,,2025-11-28,309.1669,2025-12-01,310.5526,2025-12-05,306.4449,5,-1.3227,Buy_Momentum_Extension,MOMENTUM_CONTINUATION_EXTENDED_EXTENDED_REVIEW,89.2857,63.7965,100.0,1.4536,,3038615950.74,5.2514,True
LTF.NS,INDIA,L&T Finance Limited,,2026-01-01,314.017,2026-01-02,316.244,2026-01-08,304.1683,5,-3.8185,Buy_Early_Momentum,EARLY_MOMENTUM_POSITIVE_PHASE,81.5476,57.7328,90.0,0.8682,,1814607622.15,3.1894,False
LTF.NS,INDIA,L&T Finance Limited,,2026-05-06,297.2397,2026-05-07,298.7244,2026-05-13,279.0272,5,-6.5938,Buy_Early_Momentum,EARLY_MOMENTUM_POSITIVE_PHASE,89.4613,38.9661,90.0,1.7262,,1523763695.59,2.2845,False
LTF.NS,INDIA,L&T Finance Limited,,2026-06-25,299.0,2026-06-26,299.0,2026-07-02,315.25,5,5.4348,Buy_Momentum_Extension,MOMENTUM_CONTINUATION,65.4224,77.1087,100.0,1.7204,,1463655112.4,2.1737,False
LTF.NS,INDIA,L&T Finance Limited,,2026-07-03,327.0,2026-07-06,330.0,2026-07-10,321.25,5,-2.6515,Buy_Momentum_Extension,MOMENTUM_CONTINUATION_EXTENDED,95.3811,85.006,100.0,1.3947,,2062702266.0,4.6483,False
LTFOODS.NS,INDIA,LT Foods Limited,,2024-08-02,303.7035,2024-08-05,298.0309,2024-08-09,304.9597,5,2.3248,Buy_Early_Momentum,EARLY_MOMENTUM_POSITIVE_PHASE,84.8188,74.7641,90.0,0.9856,,598329223.71,3.4512,False
LTFOODS.NS,INDIA,LT Foods Limited,,2024-08-19,335.0999,2024-08-20,335.841,2024-08-26,366.8212,5,9.2246,Buy_Momentum_Extension,MOMENTUM_CONTINUATION_EXTENDED,94.0391,76.5992,100.0,1.1017,,401452408.89,4.53,False
LTFOODS.NS,INDIA,LT Foods Limited,,2024-08-26,366.8212,2024-08-27,366.8212,2024-09-02,380.3102,5,3.6773,Buy_Momentum_Extension,MOMENTUM_CONTINUATION_EXTENDED_EXTENDED_REVIEW,92.649,92.5795,100.0,1.219,,471029909.2,5.6653,True
LTFOODS.NS,INDIA,LT Foods Limited,,2024-09-16,429.0286,2024-09-17,430.7619,2024-09-23,428.2362,5,-0.5863,Buy_Early_Momentum,EARLY_MOMENTUM_POSITIVE_PHASE_EXTENDED_REVIEW,78.8977,66.9307,90.0,3.7353,,595969756.38,5.6814,True
LTFOODS.NS,INDIA,LT Foods Limited,,2025-05-19,381.5084,2025-05-20,384.5374,2025-05-26,418.3036,5,8.781,Buy_Momentum_Extension,MOMENTUM_CONTINUATION,91.0849,85.129,100.0,1.4964,,264750302.86,1.3861,False
LTFOODS.NS,INDIA,LT Foods Limited,,2025-05-26,418.3036,2025-05-27,418.0056,2025-06-02,442.8337,5,5.9397,Buy_Momentum_Extension,MOMENTUM_CONTINUATION_EXTENDED,95.4839,87.2715,100.0,1.5401,,379614606.27,3.1208,False
LTFOODS.NS,INDIA,LT Foods Limited,,2025-06-02,442.8337,2025-06-03,441.9399,2025-06-09,468.1584,5,5.9326,Buy_Momentum_Extension,MOMENTUM_CONTINUATION_EXTENDED,83.6493,91.2531,100.0,1.6291,,461011821.71,3.9616,False
LTFOODS.NS,INDIA,LT Foods Limited,,2025-06-30,483.1049,2025-07-01,481.6648,2025-07-07,481.9628,5,0.0619,Buy_Early_Momentum,EARLY_MOMENTUM_POSITIVE_PHASE,88.8128,68.2654,90.0,1.2011,,1019396123.59,2.9717,False
LTFOODS.NS,INDIA,LT Foods Limited,,2025-07-17,505.5494,2025-07-18,507.4364,2025-07-24,487.3257,5,-3.9632,Buy_Early_Momentum,EARLY_MOMENTUM_POSITIVE_PHASE,77.2455,56.8939,90.0,1.0175,,1226388065.87,3.1726,False
LTM.NS,INDIA,LTM Limited,,2024-08-28,5948.8848,2024-08-29,5935.7304,2024-09-04,5894.1787,5,-0.7,Buy_Momentum_Extension,MOMENTUM_CONTINUATION_EXTENDED,89.9782,87.1662,100.0,10.3238,,2063095545.04,4.3634,False
LTM.NS,INDIA,LTM Limited,,2024-10-15,6272.4185,2024-10-16,6271.642,2024-10-22,5705.3013,5,-9.0302,Buy_Momentum_Extension,MOMENTUM_CONTINUATION,79.8759,84.922,100.0,0.8613,,4348865297.44,2.5342,False
LTM.NS,INDIA,LTM Limited,,2024-12-06,6213.7222,2024-12-09,6213.7218,2024-12-13,6540.583,5,5.2603,Buy_Momentum_Extension,MOMENTUM_CONTINUATION,93.6322,82.8272,100.0,0.843,,1514543204.55,2.3502,False
LTM.NS,INDIA,LTM Limited,,2024-12-13,6540.583,2024-12-16,6526.5074,2024-12-20,5673.4829,5,-13.0702,Buy_Momentum_Extension,MOMENTUM_CONTINUATION_EXTENDED,96.1536,91.3511,100.0,1.2237,,1806766071.67,4.1199,False
LTM.NS,INDIA,LTM Limited,,2025-11-20,5947.2979,2025-11-21,5920.1613,2025-11-27,5945.8179,5,0.4334,Buy_Momentum_Extension,MOMENTUM_CONTINUATION_EXTENDED,87.5969,80.0744,100.0,1.6871,,1406103870.71,3.8146,False
LTM.NS,INDIA,LTM Limited,,2025-11-27,5945.8179,2025-11-28,5951.2451,2025-12-04,6183.1372,5,3.8965,Buy_Early_Momentum,EARLY_MOMENTUM_POSITIVE_PHASE,80.848,58.8396,90.0,0.962,,1595699060.56,3.2856,False
LTM.NS,INDIA,LTM Limited,,2025-12-05,6208.7935,2025-12-08,6251.2248,2025-12-12,6201.3926,5,-0.7972,Buy_Momentum_Extension,MOMENTUM_CONTINUATION_EXTENDED,84.6957,91.7021,100.0,1.0367,,1914457248.18,4.647,False
LTM.NS,INDIA,LTM Limited,,2026-01-19,6322.2725,2026-01-20,6162.9085,2026-01-27,5861.9419,5,-4.8835,Buy_Momentum_Extension,MOMENTUM_CONTINUATION_EXTENDED,95.7427,67.695,100.0,2.192,,1531019833.73,3.1572,False
LTTS.NS,INDIA,L&T Technology Services Limited,,2024-08-20,5229.936,2024-08-21,5233.6331,2024-08-27,5338.1108,5,1.9963,Buy_Momentum_Extension,MOMENTUM_CONTINUATION,96.8244,57.8782,100.0,0.9772,,855675849.14,2.7037,False
LTTS.NS,INDIA,L&T Technology Services Limited,,2024-08-29,5652.1777,2024-08-30,5710.3023,2024-09-05,5520.4614,5,-3.3245,Buy_Momentum_Extension,MOMENTUM_CONTINUATION_EXTENDED,75.9764,90.2912,100.0,2.205,,905912112.47,4.5377,False
LUMAXIND.NS,INDIA,Lumax Industries Limited,,2025-06-06,3103.2451,2025-06-09,3150.8043,2025-06-13,3127.4209,5,-0.7421,Buy_Momentum_Extension,MOMENTUM_CONTINUATION_EXTENDED,90.0541,80.712,100.0,1.6231,,57367675.37,3.9578,False
LUMAXIND.NS,INDIA,Lumax Industries Limited,,2025-06-27,3436.6555,2025-06-30,3516.2183,2025-07-04,3636.7019,5,3.4265,Buy_Early_Momentum,EARLY_MOMENTUM_POSITIVE_PHASE,87.5098,58.5029,90.0,1.4506,,71727468.3,4.4298,False
LUMAXIND.NS,INDIA,Lumax Industries Limited,,2025-07-17,3877.7681,2025-07-18,3893.9186,2025-07-24,3919.4817,5,0.6565,Buy_Early_Momentum,EARLY_MOMENTUM_POSITIVE_PHASE,67.0019,36.4088,90.0,12.241,,58264628.53,4.0562,False
LUMAXIND.NS,INDIA,Lumax Industries Limited,,2025-08-28,4150.2002,2025-08-29,4102.0,2025-09-04,4190.6001,5,2.1599,Buy_Momentum_Extension,MOMENTUM_CONTINUATION_EXTENDED,93.6211,88.6616,100.0,2.678,,147485249.32,3.0718,False
LUMAXIND.NS,INDIA,Lumax Industries Limited,,2025-09-17,4392.7002,2025-09-18,4410.0,2025-09-24,4712.7998,5,6.8662,Buy_Early_Momentum,EARLY_MOMENTUM_POSITIVE_PHASE,80.1208,52.2746,90.0,2.9641,,173087981.78,3.4671,False
LUMAXIND.NS,INDIA,Lumax Industries Limited,,2025-09-24,4712.7998,2025-09-25,4708.0,2025-10-01,5118.0,5,8.7086,Buy_Momentum_Extension,MOMENTUM_CONTINUATION_EXTENDED,90.1771,72.8906,100.0,1.3833,,212490010.67,4.1413,False
LUMAXIND.NS,INDIA,Lumax Industries Limited,,2025-10-01,5118.0,2025-10-03,5140.0,2025-10-09,4916.0,5,-4.358,Buy_Momentum_Extension,MOMENTUM_CONTINUATION_EXTENDED,92.921,94.0354,100.0,1.2161,,159817482.9,4.9823,False
LUMAXIND.NS,INDIA,Lumax Industries Limited,,2025-11-25,5542.1001,2025-11-26,5677.2998,2025-12-02,5632.5,5,-0.7891,Buy_Early_Momentum,EARLY_MOMENTUM_POSITIVE_PHASE,73.8516,63.9486,80.0,6.0281,,103908280.52,2.9321,False
LUMAXIND.NS,INDIA,Lumax Industries Limited,,2026-01-12,5590.5,2026-01-13,5634.0,2026-01-19,5359.5,5,-4.8722,Buy_Early_Momentum,EARLY_MOMENTUM_POSITIVE_PHASE,67.2551,67.0273,80.0,1.264,,122390021.25,1.0201,False
LUMAXIND.NS,INDIA,Lumax Industries Limited,,2026-05-21,5660.5,2026-05-22,5665.0,2026-05-28,5978.5,5,5.534,Buy_Early_Momentum,EARLY_MOMENTUM_POSITIVE_PHASE,78.6212,37.2171,90.0,2.3492,,89358917.2,1.4137,False
LUMAXTECH.NS,INDIA,Lumax Auto Technologies Limited,,2024-12-10,585.0007,2024-12-11,587.0409,2024-12-17,637.4,5,8.5785,Buy_Momentum_Extension,MOMENTUM_CONTINUATION,92.3833,77.7501,100.0,1.2652,,72101866.77,2.8121,False
LUMAXTECH.NS,INDIA,Lumax Auto Technologies Limited,,2024-12-17,637.4,2024-12-18,639.3904,2024-12-24,628.4429,5,-1.7122,Buy_Momentum_Extension,MOMENTUM_CONTINUATION_EXTENDED,93.9113,85.7029,100.0,1.3488,,115782758.33,4.0555,False
LUMAXTECH.NS,INDIA,Lumax Auto Technologies Limited,,2025-05-09,565.0959,2025-05-12,574.2024,2025-05-16,617.2465,5,7.4963,Buy_Momentum_Extension,MOMENTUM_CONTINUATION,77.3059,51.9928,100.0,0.8369,,58794136.37,1.1518,False
LUMAXTECH.NS,INDIA,Lumax Auto Technologies Limited,,2025-05-20,654.9161,2025-05-21,654.8664,2025-05-27,682.2355,5,4.1793,Buy_Momentum_Extension,MOMENTUM_CONTINUATION_EXTENDED,81.8531,88.2576,100.0,2.8233,,77671252.91,3.6376,False
LUMAXTECH.NS,INDIA,Lumax Auto Technologies Limited,,2025-06-02,894.3704,2025-06-03,897.7044,2025-06-09,978.2192,5,8.969,Buy_Momentum_Extension,MOMENTUM_CONTINUATION_EXTENDED_EXTENDED_REVIEW,92.4335,84.5647,100.0,9.829,,308352427.22,6.958,True
LUMAXTECH.NS,INDIA,Lumax Auto Technologies Limited,,2025-09-01,1240.9,2025-09-02,1246.1,2025-09-08,1147.6,5,-7.9047,Buy_Momentum_Extension,MOMENTUM_CONTINUATION,94.9416,76.2919,100.0,1.2416,,285538044.66,2.543,False
LUMAXTECH.NS,INDIA,Lumax Auto Technologies Limited,,2025-09-24,1258.4,2025-09-25,1260.0,2025-10-01,1318.1,5,4.6111,Buy_Momentum_Extension,MOMENTUM_CONTINUATION,84.515,62.5786,100.0,6.3845,,256507164.46,2.5373,False
LUMAXTECH.NS,INDIA,Lumax Auto Technologies Limited,,2025-11-11,1429.5,2025-11-12,1420.0,2025-11-18,1366.7,5,-3.7535,Buy_Momentum_Extension,MOMENTUM_CONTINUATION_EXTENDED,89.0135,67.8825,100.0,3.8744,,393371739.82,3.6963,False
LUMAXTECH.NS,INDIA,Lumax Auto Technologies Limited,,2025-11-26,1505.2,2025-11-27,1505.2,2025-12-03,1557.1,5,3.448,Buy_Momentum_Extension,MOMENTUM_CONTINUATION_EXTENDED,90.4081,61.9244,100.0,1.0018,,571153991.75,3.494,False
LUMAXTECH.NS,INDIA,Lumax Auto Technologies Limited,,2026-01-05,1682.0,2026-01-06,1678.1,2026-01-12,1511.2,5,-9.9458,Buy_Momentum_Extension,MOMENTUM_CONTINUATION_EXTENDED,90.6679,72.7065,100.0,1.0378,,408640638.5,3.5652,False
LUMAXTECH.NS,INDIA,Lumax Auto Technologies Limited,,2026-02-12,1784.2,2026-02-13,1760.0,2026-02-19,1665.0,5,-5.3977,Buy_Momentum_Extension,MOMENTUM_CONTINUATION_EXTENDED,93.413,90.9302,100.0,5.9675,,406337622.12,3.1823,False
LUMAXTECH.NS,INDIA,Lumax Auto Technologies Limited,,2026-02-27,1757.4,2026-03-02,1650.0,2026-03-09,1476.7,5,-10.503,Buy_Momentum_Extension,MOMENTUM_CONTINUATION,72.0716,58.9291,100.0,1.0776,,675740431.62,2.2443,False
LUMAXTECH.NS,INDIA,Lumax Auto Technologies Limited,,2026-04-08,1691.7,2026-04-09,1691.7,2026-04-16,1798.6,5,6.3191,Buy_Momentum_Extension,MOMENTUM_CONTINUATION,72.68,63.7348,80.0,1.3474,,426306526.83,1.3858,False
LUPIN.NS,INDIA,Lupin Limited,,2024-07-29,1836.3313,2024-07-30,1836.1832,2024-08-05,1922.2697,5,4.6883,Buy_Early_Momentum,EARLY_MOMENTUM_POSITIVE_PHASE,83.8625,61.4004,90.0,0.964,,2534446706.02,3.819,False
LUPIN.NS,INDIA,Lupin Limited,,2024-08-08,2023.4523,2024-08-09,2023.7483,2024-08-16,2058.2322,5,1.704,Buy_Momentum_Extension,MOMENTUM_CONTINUATION_EXTENDED_EXTENDED_REVIEW,92.873,84.4187,100.0,2.8328,,2981098709.83,5.2639,True
LUPIN.NS,INDIA,Lupin Limited,,2024-08-28,2171.4026,2024-08-29,2171.4027,2024-09-04,2246.8823,5,3.4761,Buy_Early_Momentum,EARLY_MOMENTUM_POSITIVE_PHASE_EXTENDED_REVIEW,83.7437,77.4393,90.0,0.8482,,4177946319.95,6.0708,True
LUPIN.NS,INDIA,Lupin Limited,,2024-09-05,2259.6597,2024-09-06,2250.681,2024-09-12,2217.5293,5,-1.473,Buy_Momentum_Extension,MOMENTUM_CONTINUATION_EXTENDED_EXTENDED_REVIEW,90.0864,87.0435,100.0,0.9901,,4164331660.37,6.2834,True
LUPIN.NS,INDIA,Lupin Limited,,2024-12-26,2153.0015,2024-12-27,2166.7161,2025-01-02,2364.1477,5,9.112,Buy_Momentum_Extension,MOMENTUM_CONTINUATION,89.5589,80.556,100.0,1.0906,,1795937798.11,1.3118,False
LUPIN.NS,INDIA,Lupin Limited,,2025-01-02,2364.1477,2025-01-03,2356.9943,2025-01-09,2222.8079,5,-5.6931,Buy_Momentum_Extension,MOMENTUM_CONTINUATION_EXTENDED,97.5394,94.5903,100.0,1.1212,,2541179104.29,4.3717,False
LUPIN.NS,INDIA,Lupin Limited,,2025-05-15,2045.2574,2025-05-16,2056.2096,2025-05-22,1942.4469,5,-5.5326,Buy_Early_Momentum,EARLY_MOMENTUM_POSITIVE_PHASE,68.2539,49.2403,90.0,2.0496,,2263915817.61,0.4393,False
LUPIN.NS,INDIA,Lupin Limited,,2025-11-13,2038.1219,2025-11-14,2039.1148,2025-11-20,2016.1812,5,-1.1247,Buy_Momentum_Extension,MOMENTUM_CONTINUATION,88.3509,69.1716,100.0,1.2986,,2175971141.46,2.0558,False
LUPIN.NS,INDIA,Lupin Limited,,2026-02-05,2202.53,2026-02-06,2198.0624,2026-02-12,2195.1833,5,-0.131,Buy_Early_Momentum,EARLY_MOMENTUM_POSITIVE_PHASE,84.3656,60.5788,90.0,1.2531,,1840226724.28,1.9194,False
LUPIN.NS,INDIA,Lupin Limited,,2026-02-12,2195.1833,2026-02-13,2194.0912,2026-02-19,2212.6565,5,0.8462,Buy_Momentum_Extension,MOMENTUM_CONTINUATION,79.9159,74.5741,100.0,1.0326,,1709657306.23,1.5418,False
LUPIN.NS,INDIA,Lupin Limited,,2026-02-24,2234.0017,2026-02-25,2250.8794,2026-03-04,2288.3079,5,1.6628,Buy_Momentum_Extension,MOMENTUM_CONTINUATION,87.5727,73.4465,100.0,1.328,,1808070070.75,1.9848,False
LUPIN.NS,INDIA,Lupin Limited,,2026-03-06,2326.928,2026-03-09,2293.3712,2026-03-13,2298.2358,5,0.2121,Buy_Momentum_Extension,MOMENTUM_CONTINUATION_EXTENDED,83.8365,81.5579,100.0,1.5772,,2027368461.93,3.1107,False
LUPIN.NS,INDIA,Lupin Limited,,2026-05-07,2442.3909,2026-05-08,2407.5436,2026-05-14,2241.9441,5,-6.8784,Buy_Momentum_Extension,MOMENTUM_CONTINUATION,85.4943,65.6464,100.0,1.2164,,2830941062.95,2.9198,False
LUPIN.NS,INDIA,Lupin Limited,,2026-06-24,2350.5566,2026-06-25,2357.804,2026-07-01,2380.2415,5,0.9516,Buy_Momentum_Extension,MOMENTUM_CONTINUATION,80.6224,79.8757,100.0,0.9301,,1996245367.87,1.7671,False
LUXIND.NS,INDIA,Lux Industries Limited,,2024-08-06,2357.4011,2024-08-07,2388.1761,2024-08-13,2225.1738,5,-6.8254,Buy_Momentum_Extension,MOMENTUM_CONTINUATION_EXTENDED_EXTENDED_REVIEW,78.064,80.735,100.0,2.8772,,990909870.19,5.4808,True
LUXIND.NS,INDIA,Lux Industries Limited,,2025-01-03,2027.2094,2025-01-06,2051.8717,2025-01-10,1734.4556,5,-15.4696,Buy_Early_Momentum,EARLY_MOMENTUM_POSITIVE_PHASE,59.5242,45.46,80.0,2.7355,,154735166.6,0.5024,False
LXCHEM.NS,INDIA,Laxmi Organic Industries Limited,,2024-09-06,306.1081,2024-09-09,307.6516,2024-09-13,309.2946,5,0.5341,Buy_Momentum_Extension,MOMENTUM_CONTINUATION,72.0827,59.1986,100.0,2.2669,,1380606946.8,2.7687,False
LYKALABS.NS,INDIA,Lyka Labs Limited,,2024-08-26,153.01,2024-08-27,154.5,2024-09-02,149.88,5,-2.9903,Buy_Momentum_Extension,MOMENTUM_CONTINUATION_EXTENDED,81.2,76.4463,100.0,0.7383,94.4444,112156272.42,3.5839,False
LYKALABS.NS,INDIA,Lyka Labs Limited,,2024-09-05,165.15,2024-09-06,166.8,2024-09-12,158.29,5,-5.1019,Buy_Momentum_Extension,MOMENTUM_CONTINUATION_EXTENDED,88.2353,67.3306,100.0,1.7779,,137011647.1,3.8066,False
LYKALABS.NS,INDIA,Lyka Labs Limited,,2024-11-27,155.89,2024-11-28,157.4,2024-12-04,164.61,5,4.5807,Buy_Momentum_Extension,MOMENTUM_CONTINUATION,78.7083,44.0371,100.0,3.3875,,17610371.0,1.5364,False
LYKALABS.NS,INDIA,Lyka Labs Limited,,2024-12-10,172.97,2024-12-11,174.89,2024-12-17,159.14,5,-9.0057,Buy_Momentum_Extension,MOMENTUM_CONTINUATION,83.9539,75.6245,100.0,1.9143,,47261933.95,2.6856,False
M&M.NS,INDIA,Mahindra & Mahindra Limited,,2024-09-23,2994.051,2024-09-24,2964.7958,2024-09-30,3038.3264,5,2.4801,Buy_Momentum_Extension,MOMENTUM_CONTINUATION_EXTENDED,98.3148,88.296,100.0,1.4088,,8342827522.32,4.0989,False
M&M.NS,INDIA,Mahindra & Mahindra Limited,,2024-12-04,2976.3308,2024-12-05,2994.1982,2024-12-11,3015.8943,5,0.7246,Buy_Momentum_Extension,MOMENTUM_CONTINUATION,54.2402,52.4615,100.0,0.8952,,11184020482.68,1.1192,False
M&M.NS,INDIA,Mahindra & Mahindra Limited,,2025-05-06,3012.3108,2025-05-07,2966.661,2025-05-13,2997.9778,5,1.0556,Buy_Momentum_Extension,MOMENTUM_CONTINUATION,72.6401,84.7396,100.0,1.8673,,9168131310.32,2.9313,False
M&M.NS,INDIA,Mahindra & Mahindra Limited,,2025-06-24,3092.5176,2025-06-25,3121.8708,2025-07-01,3118.0425,5,-0.1226,Buy_Momentum_Extension,MOMENTUM_CONTINUATION,76.6339,68.4591,80.0,1.1299,,7758743131.34,1.9738,False
M&M.NS,INDIA,Mahindra & Mahindra Limited,,2025-07-22,3223.3499,2025-07-23,3226.121,2025-07-29,3166.1506,5,-1.8589,Buy_Momentum_Extension,MOMENTUM_CONTINUATION,93.2662,80.1239,100.0,0.8093,,7384341557.6,2.5035,False
M&M.NS,INDIA,Mahindra & Mahindra Limited,,2025-09-04,3445.3191,2025-09-05,3474.5125,2025-09-11,3558.332,5,2.4124,Buy_Early_Momentum,EARLY_MOMENTUM_POSITIVE_PHASE,81.1295,36.5692,90.0,2.8627,,9147229509.64,2.7569,False
M&M.NS,INDIA,Mahindra & Mahindra Limited,,2025-10-23,3585.9424,2025-10-24,3592.2757,2025-10-30,3465.7051,5,-3.5234,Buy_Momentum_Extension,MOMENTUM_CONTINUATION,81.3058,84.1169,100.0,1.8843,,7088966482.02,2.4929,False
M&M.NS,INDIA,Mahindra & Mahindra Limited,,2025-11-07,3651.8501,2025-11-10,3651.85,2025-11-14,3660.1628,5,0.2276,Buy_Early_Momentum,EARLY_MOMENTUM_POSITIVE_PHASE,88.1349,43.1222,90.0,1.1965,,7922798159.78,2.6087,False
M&M.NS,INDIA,Mahindra & Mahindra Limited,,2026-01-02,3762.884,2026-01-05,3766.3476,2026-01-09,3639.0842,5,-3.379,Buy_Momentum_Extension,MOMENTUM_CONTINUATION,95.9459,81.3071,100.0,0.9018,,6168595323.91,2.7117,False
M&MFIN.NS,INDIA,Mahindra & Mahindra Financial Services Limited,,2024-07-30,290.104,2024-07-31,290.772,2024-08-06,279.7499,5,-3.7906,Buy_Early_Momentum,EARLY_MOMENTUM_POSITIVE_PHASE,83.0325,66.7412,90.0,1.0141,,908789840.24,1.6839,False
M&MFIN.NS,INDIA,Mahindra & Mahindra Financial Services Limited,,2024-08-22,299.3606,2024-08-23,299.3606,2024-08-29,299.0743,5,-0.0956,Buy_Momentum_Extension,MOMENTUM_CONTINUATION,82.8102,64.6246,100.0,3.6491,,707119842.73,2.2186,False
M&MFIN.NS,INDIA,Mahindra & Mahindra Financial Services Limited,,2024-09-03,310.2395,2024-09-04,307.806,2024-09-10,310.7643,5,0.9611,Buy_Momentum_Extension,MOMENTUM_CONTINUATION,71.8855,77.4806,100.0,3.8552,,863435298.36,2.7396,False
M&MFIN.NS,INDIA,Mahindra & Mahindra Financial Services Limited,,2025-10-14,281.125,2025-10-15,281.4673,2025-10-21,293.6433,5,4.3259,Buy_Early_Momentum,EARLY_MOMENTUM_POSITIVE_PHASE,73.8684,73.5793,90.0,1.5589,,599680444.35,2.0494,False
M&MFIN.NS,INDIA,Mahindra & Mahindra Financial Services Limited,,2025-11-19,322.592,2025-11-20,324.6458,2025-11-26,342.152,5,5.3924,Buy_Early_Momentum,EARLY_MOMENTUM_POSITIVE_PHASE,87.7517,53.8164,90.0,1.7576,,905199476.99,3.8196,False
M&MFIN.NS,INDIA,Mahindra & Mahindra Financial Services Limited,,2025-11-28,363.6679,2025-12-01,367.1398,2025-12-05,359.4625,5,-2.0911,Buy_Momentum_Extension,MOMENTUM_CONTINUATION_EXTENDED_EXTENDED_REVIEW,98.1727,89.2677,100.0,1.7468,,1327634482.24,5.3806,True
M&MFIN.NS,INDIA,Mahindra & Mahindra Financial Services Limited,,2025-12-05,359.4625,2025-12-08,358.9246,2025-12-12,338.4845,5,-5.6948,Buy_Early_Momentum,EARLY_MOMENTUM_POSITIVE_PHASE,55.0808,54.9436,80.0,3.4117,,1626997108.91,3.48,False
M&MFIN.NS,INDIA,Mahindra & Mahindra Financial Services Limited,,2025-12-24,381.0762,2025-12-26,381.0762,2026-01-01,395.2571,5,3.7213,Buy_Momentum_Extension,MOMENTUM_CONTINUATION_EXTENDED,68.8321,75.5224,80.0,0.7497,80.9524,1942667127.18,3.3371,False
M&MFIN.NS,INDIA,Mahindra & Mahindra Financial Services Limited,,2026-02-05,367.042,2026-02-06,366.7486,2026-02-12,370.7094,5,1.08,Buy_Momentum_Extension,MOMENTUM_CONTINUATION,74.5055,62.6371,100.0,1.317,,802134420.64,1.1336,False
M&MFIN.NS,INDIA,Mahindra & Mahindra Financial Services Limited,,2026-02-17,375.9417,2026-02-18,374.5725,2026-02-24,356.6263,5,-4.7911,Buy_Early_Momentum,EARLY_MOMENTUM_POSITIVE_PHASE,67.8663,57.571,90.0,1.9745,,708504956.15,1.3463,False
MAANALU.NS,INDIA,Maan Aluminium Limited,,2024-09-16,143.07,2024-09-17,143.0,2024-09-23,142.57,5,-0.3007,Buy_Momentum_Extension,MOMENTUM_CONTINUATION,94.3479,49.6712,100.0,1.0697,,32119359.71,1.9035,False
MAANALU.NS,INDIA,Maan Aluminium Limited,,2024-09-23,142.57,2024-09-24,142.57,2024-09-30,171.38,5,20.2076,Buy_Momentum_Extension,MOMENTUM_CONTINUATION,77.0698,76.6521,100.0,1.0794,,33037084.85,1.5457,False
MAANALU.NS,INDIA,Maan Aluminium Limited,,2024-09-30,171.38,2024-10-01,179.01,2024-10-08,171.16,5,-4.3852,Buy_Momentum_Extension,MOMENTUM_CONTINUATION_EXTENDED,100.0,66.5153,100.0,20.5271,,31948891.87,4.9512,False
MAANALU.NS,INDIA,Maan Aluminium Limited,,2024-10-10,227.94,2024-10-11,222.8,2024-10-17,236.56,5,6.1759,Buy_Momentum_Extension,MOMENTUM_CONTINUATION_EXTENDED_EXTENDED_REVIEW,94.6064,72.7539,100.0,7.4189,,248454397.52,6.0984,True
MAANALU.NS,INDIA,Maan Aluminium Limited,,2025-12-12,156.44,2025-12-15,156.44,2025-12-19,166.08,5,6.1621,Buy_Early_Momentum,EARLY_MOMENTUM_POSITIVE_PHASE,77.5981,51.9177,80.0,3.3007,,44949514.8,1.9398,False
MAANALU.NS,INDIA,Maan Aluminium Limited,,2025-12-22,170.98,2025-12-23,165.1,2025-12-30,154.0,5,-6.7232,Buy_Momentum_Extension,MOMENTUM_CONTINUATION,64.6908,67.0645,80.0,1.0121,,97306998.15,2.3355,False
MACPOWER.NS,INDIA,Macpower CNC Machines Limited,,2024-12-06,1500.0692,2024-12-09,1512.4484,2024-12-13,1576.041,5,4.2046,Buy_Momentum_Extension,MOMENTUM_CONTINUATION,96.1861,74.7149,100.0,1.0033,,35426609.6,2.2801,False
MACPOWER.NS,INDIA,Macpower CNC Machines Limited,,2026-06-30,1346.9,2026-07-01,1360.0,2026-07-07,1401.6,5,3.0588,Buy_Momentum_Extension,MOMENTUM_CONTINUATION_EXTENDED,91.8565,77.4658,100.0,1.9325,,92015966.93,3.9092,False
MADHAV.NS,INDIA,Madhav Marbles and Granites Limited,,2024-12-02,56.18,2024-12-03,56.4,2024-12-09,61.38,5,8.8298,Buy_Momentum_Extension,MOMENTUM_CONTINUATION,83.7615,85.1266,100.0,2.0024,,654159.92,1.2411,False
MADHAV.NS,INDIA,Madhav Marbles and Granites Limited,,2024-12-09,61.38,2024-12-10,61.38,2024-12-16,62.67,5,2.1017,Buy_Momentum_Extension,MOMENTUM_CONTINUATION,63.6364,71.0582,100.0,7.0923,,2226986.13,2.1314,False
MAGADSUGAR.NS,INDIA,Magadh Sugar & Energy Limited,,2024-08-20,784.2667,2024-08-21,794.319,2024-08-27,785.7507,5,-1.0787,Buy_Early_Momentum,EARLY_MOMENTUM_POSITIVE_PHASE,84.9524,47.0436,90.0,3.8715,,26650402.82,2.1596,False
MAGADSUGAR.NS,INDIA,Magadh Sugar & Energy Limited,,2024-08-29,835.9641,2024-08-30,874.0668,2024-09-05,827.7307,5,-5.3012,Buy_Momentum_Extension,MOMENTUM_CONTINUATION,84.2191,69.1381,100.0,2.8589,,43740355.99,2.7594,False
MAGADSUGAR.NS,INDIA,Magadh Sugar & Energy Limited,,2024-09-25,901.878,2024-09-26,901.878,2024-10-03,882.5873,5,-2.1389,Buy_Momentum_Extension,MOMENTUM_CONTINUATION,67.9807,70.0912,80.0,0.9961,,112121516.9,2.4786,False
MAHABANK.NS,INDIA,Bank of Maharashtra,,2024-07-29,64.0964,2024-07-30,64.0964,2024-08-05,58.5236,5,-8.6944,Buy_Momentum_Extension,MOMENTUM_CONTINUATION,65.5653,50.306,100.0,1.2886,,1548686297.33,1.0784,False
MAHABANK.NS,INDIA,Bank of Maharashtra,,2025-07-04,55.7785,2025-07-07,56.021,2025-07-11,54.2843,5,-3.1001,Buy_Momentum_Extension,MOMENTUM_CONTINUATION,74.7082,73.4684,100.0,0.8519,,962914689.21,2.6004,False
MAHABANK.NS,INDIA,Bank of Maharashtra,,2025-10-03,54.8083,2025-10-06,55.2546,2025-10-10,55.8173,5,1.0184,Buy_Momentum_Extension,MOMENTUM_CONTINUATION,54.6584,32.5143,80.0,1.0798,,516824611.61,1.0882,False
MAHABANK.NS,INDIA,Bank of Maharashtra,,2025-10-13,55.8658,2025-10-14,56.2636,2025-10-20,57.8354,5,2.7936,Buy_Momentum_Extension,MOMENTUM_CONTINUATION,82.9851,75.8464,100.0,0.9755,,600799397.01,1.7106,False
MAHABANK.NS,INDIA,Bank of Maharashtra,,2025-11-03,58.1555,2025-11-04,58.0682,2025-11-11,55.3904,5,-4.6115,Buy_Early_Momentum,EARLY_MOMENTUM_POSITIVE_PHASE,63.6086,59.8103,90.0,1.0437,,1317245280.92,1.6558,False
MAHABANK.NS,INDIA,Bank of Maharashtra,,2025-11-18,58.631,2025-11-19,58.6504,2025-11-25,57.8354,5,-1.3896,Buy_Early_Momentum,EARLY_MOMENTUM_POSITIVE_PHASE,87.0455,41.943,90.0,1.1878,,1122313562.45,1.6924,False
MAHABANK.NS,INDIA,Bank of Maharashtra,,2026-01-01,61.7357,2026-01-02,61.8036,2026-01-08,60.1736,5,-2.6374,Buy_Momentum_Extension,MOMENTUM_CONTINUATION_EXTENDED,97.2037,78.6084,100.0,1.5705,,1250106940.12,3.7734,False
MAHABANK.NS,INDIA,Bank of Maharashtra,,2026-01-14,63.9381,2026-01-15,63.9381,2026-01-21,62.9305,5,-1.576,Buy_Momentum_Extension,MOMENTUM_CONTINUATION_EXTENDED,69.0236,66.1902,100.0,3.7892,,1243784336.95,3.5261,False
MAHABANK.NS,INDIA,Bank of Maharashtra,,2026-02-23,68.5941,2026-02-24,68.5941,2026-03-02,70.899,5,3.3601,Buy_Momentum_Extension,MOMENTUM_CONTINUATION,77.0774,76.7262,100.0,1.3557,,1104704594.17,2.9178,False
MAHABANK.NS,INDIA,Bank of Maharashtra,,2026-04-20,74.4055,2026-04-21,76.2376,2026-04-27,78.5523,5,3.0362,Buy_Momentum_Extension,MOMENTUM_CONTINUATION,87.7817,91.2251,100.0,2.5548,,1411249888.71,2.9887,False
MAHABANK.NS,INDIA,Bank of Maharashtra,,2026-05-06,82.374,2026-05-07,83.0733,2026-05-13,78.769,5,-5.1814,Buy_Momentum_Extension,MOMENTUM_CONTINUATION_EXTENDED,93.8095,70.4211,100.0,1.2936,,2393231939.47,4.2751,False
MAHABANK.NS,INDIA,Bank of Maharashtra,,2026-06-10,84.18,2026-06-11,83.9,2026-06-17,90.14,5,7.4374,Buy_Momentum_Extension,MOMENTUM_CONTINUATION_EXTENDED,90.3588,72.036,100.0,1.5797,,1032655269.41,3.4743,False
MAHAPEXLTD.NS,INDIA,Maha Rashtra Apex Corporation Limited,,2024-08-19,208.32,2024-08-20,204.0,2024-08-26,190.52,5,-6.6078,Buy_Momentum_Extension,MOMENTUM_CONTINUATION_EXTENDED,85.7407,71.7651,100.0,30.7277,,10312423.66,3.7537,False
MAHASTEEL.NS,INDIA,Mahamaya Steel Industries Limited,,2024-08-08,110.74,2024-08-09,114.0,2024-08-16,119.39,5,4.7281,Buy_Momentum_Extension,MOMENTUM_CONTINUATION,87.9607,60.4284,100.0,1.7631,,4626573.15,1.2396,False
MAHASTEEL.NS,INDIA,Mahamaya Steel Industries Limited,,2024-08-20,130.4,2024-08-21,129.5,2024-08-27,181.08,5,39.8301,Buy_Momentum_Extension,MOMENTUM_CONTINUATION_EXTENDED,97.931,90.8539,100.0,4.2624,,10751883.74,3.4615,False
MAHASTEEL.NS,INDIA,Mahamaya Steel Industries Limited,,2024-08-27,181.08,2024-08-28,184.4,2024-09-03,174.48,5,-5.3796,Buy_Momentum_Extension,MOMENTUM_CONTINUATION_EXTENDED_EXTENDED_REVIEW,98.7042,96.7668,100.0,1.1957,,39211389.54,7.1253,True
MAHASTEEL.NS,INDIA,Mahamaya Steel Industries Limited,,2025-03-25,268.55,2025-03-26,280.99,2025-04-02,247.65,5,-11.8652,Buy_Momentum_Extension,MOMENTUM_CONTINUATION_EXTENDED_EXTENDED_REVIEW,97.1641,97.2616,100.0,2.1313,,747320.91,7.1343,True
MAHASTEEL.NS,INDIA,Mahamaya Steel Industries Limited,,2025-04-29,260.55,2025-04-30,255.0,2025-05-07,265.3,5,4.0392,Buy_Momentum_Extension,MOMENTUM_CONTINUATION,91.8052,80.8336,100.0,1.7106,,1528060.54,1.4777,False
MAHASTEEL.NS,INDIA,Mahamaya Steel Industries Limited,,2025-05-22,287.5,2025-05-23,290.0,2025-05-29,322.3,5,11.1379,Buy_Momentum_Extension,MOMENTUM_CONTINUATION,98.5267,70.2708,100.0,3.0174,,2995146.25,2.3838,False
MAHASTEEL.NS,INDIA,Mahamaya Steel Industries Limited,,2025-09-03,386.85,2025-09-04,378.1,2025-09-10,387.2,5,2.4068,Buy_Momentum_Extension,MOMENTUM_CONTINUATION,96.2931,61.669,100.0,15.6671,,4587789.62,2.3057,False
MAHASTEEL.NS,INDIA,Mahamaya Steel Industries Limited,,2025-09-24,409.85,2025-09-25,409.85,2025-10-01,454.0,5,10.7722,Buy_Momentum_Extension,MOMENTUM_CONTINUATION,99.4475,57.796,100.0,1.4685,,12530795.07,2.8178,False
MAHASTEEL.NS,INDIA,Mahamaya Steel Industries Limited,,2025-10-01,454.0,2025-10-03,454.0,2025-10-09,521.3,5,14.8238,Buy_Momentum_Extension,MOMENTUM_CONTINUATION_EXTENDED_EXTENDED_REVIEW,95.9198,97.3596,100.0,8.9112,,18557545.1,5.1818,True
MAHASTEEL.NS,INDIA,Mahamaya Steel Industries Limited,,2025-10-09,521.3,2025-10-10,510.0,2025-10-16,558.4,5,9.4902,Buy_Momentum_Extension,MOMENTUM_CONTINUATION_EXTENDED_EXTENDED_REVIEW,91.002,90.3341,100.0,1.8417,,35503891.55,6.2981,True
MAHASTEEL.NS,INDIA,Mahamaya Steel Industries Limited,,2025-11-11,731.15,2025-11-12,754.95,2025-11-18,760.7,5,0.7616,Buy_Momentum_Extension,MOMENTUM_CONTINUATION_EXTENDED_EXTENDED_REVIEW,99.8338,89.0089,100.0,0.7107,89.6825,40879950.49,7.946,True
MAHASTEEL.NS,INDIA,Mahamaya Steel Industries Limited,,2025-12-23,909.1,2025-12-24,931.0,2025-12-31,1001.0,5,7.5188,Buy_Momentum_Extension,MOMENTUM_CONTINUATION_EXTENDED_EXTENDED_REVIEW,96.2094,83.1664,100.0,3.3138,,10302330.02,7.8666,True
MAHASTEEL.NS,INDIA,Mahamaya Steel Industries Limited,,2025-12-31,1001.0,2026-01-01,1020.0,2026-01-07,923.1,5,-9.5,Buy_Momentum_Extension,MOMENTUM_CONTINUATION_EXTENDED_EXTENDED_REVIEW,98.1735,86.4501,100.0,2.1302,,14693829.15,6.154,True
MAHASTEEL.NS,INDIA,Mahamaya Steel Industries Limited,,2026-03-10,946.8,2026-03-11,946.8,2026-03-17,872.05,5,-7.895,Buy_Momentum_Extension,MOMENTUM_CONTINUATION_EXTENDED,97.7437,88.7405,100.0,2.4324,,14034747.6,3.564,False
MAHEPC.NS,INDIA,Mahindra EPC Irrigation Limited,,2025-07-01,145.07,2025-07-02,144.9,2025-07-08,144.39,5,-0.352,Buy_Momentum_Extension,MOMENTUM_CONTINUATION,79.6103,72.6241,100.0,0.9578,,11112326.29,0.9898,False
MAHEPC.NS,INDIA,Mahindra EPC Irrigation Limited,,2025-07-16,153.34,2025-07-17,156.7,2025-07-23,149.64,5,-4.5054,Buy_Early_Momentum,EARLY_MOMENTUM_POSITIVE_PHASE,87.9623,36.6537,90.0,5.2709,,8554884.4,2.2382,False
MAHEPC.NS,INDIA,Mahindra EPC Irrigation Limited,,2025-08-19,154.27,2025-08-20,158.0,2025-08-26,169.9,5,7.5316,Buy_Momentum_Extension,MOMENTUM_CONTINUATION,88.2328,83.9666,100.0,2.2717,,11490284.46,1.651,False
MAHLOG.NS,INDIA,Mahindra Logistics Limited,,2026-04-17,428.8259,2026-04-20,428.9252,2026-04-24,403.5394,5,-5.9185,Buy_Momentum_Extension,MOMENTUM_CONTINUATION,94.6372,90.8356,100.0,2.2391,,85336840.62,2.9118,False
MAHLOG.NS,INDIA,Mahindra Logistics Limited,,2026-07-03,392.0637,2026-07-06,394.0508,2026-07-10,387.2,5,-1.7386,Buy_Momentum_Extension,MOMENTUM_CONTINUATION,56.2131,63.4354,100.0,6.3242,,68666897.24,2.1198,False
MAHSCOOTER.NS,INDIA,Maharashtra Scooters Limited,,2024-08-28,9485.1895,2024-08-29,9580.0397,2024-09-04,9645.3486,5,0.6817,Buy_Momentum_Extension,MOMENTUM_CONTINUATION_EXTENDED,67.0274,76.6348,100.0,4.1886,,57627742.78,3.2627,False
MAHSCOOTER.NS,INDIA,Maharashtra Scooters Limited,,2024-09-16,10583.0391,2024-09-17,10609.1235,2024-09-23,11861.5361,5,11.8051,Buy_Momentum_Extension,MOMENTUM_CONTINUATION_EXTENDED,65.8496,77.9834,100.0,7.5594,,96218874.55,4.6857,False
MAHSCOOTER.NS,INDIA,Maharashtra Scooters Limited,,2025-03-21,9945.2695,2025-03-24,10016.7131,2025-03-28,11022.8037,5,10.0441,Buy_Momentum_Extension,MOMENTUM_CONTINUATION,79.2166,71.1752,100.0,2.1738,,68219576.35,2.3582,False
MAHSCOOTER.NS,INDIA,Maharashtra Scooters Limited,,2025-04-23,11450.4766,2025-04-24,11573.2304,2025-04-30,11268.8018,5,-2.6305,Buy_Momentum_Extension,MOMENTUM_CONTINUATION,58.0256,86.2237,100.0,4.668,,127157542.23,2.8429,False
MAHSCOOTER.NS,INDIA,Maharashtra Scooters Limited,,2025-05-16,12346.0889,2025-05-19,12471.7888,2025-05-23,13213.2217,5,5.9449,Buy_Momentum_Extension,MOMENTUM_CONTINUATION_EXTENDED,96.8224,73.9376,100.0,2.2992,,134133465.19,3.5753,False
MAHSCOOTER.NS,INDIA,Maharashtra Scooters Limited,,2025-06-09,14203.1094,2025-06-10,14239.4432,2025-06-16,14863.0342,5,4.3793,Buy_Early_Momentum,EARLY_MOMENTUM_POSITIVE_PHASE,84.4371,61.1836,90.0,0.8292,,239632020.75,4.0065,False
MAHSCOOTER.NS,INDIA,Maharashtra Scooters Limited,,2025-07-23,14806.8037,2025-07-24,15028.6979,2025-07-30,15578.0117,5,3.6551,Buy_Early_Momentum,EARLY_MOMENTUM_POSITIVE_PHASE,88.6667,71.968,90.0,1.5515,,118800908.89,2.5259,False
MAHSCOOTER.NS,INDIA,Maharashtra Scooters Limited,,2025-07-30,15578.0117,2025-07-31,15484.3227,2025-08-06,14808.7754,5,-4.3628,Buy_Momentum_Extension,MOMENTUM_CONTINUATION_EXTENDED,98.0055,72.7483,100.0,1.4545,,128332439.44,3.3056,False
MAHSCOOTER.NS,INDIA,Maharashtra Scooters Limited,,2025-08-18,15909.374,2025-08-19,15976.4354,2025-08-25,15370.9092,5,-3.7901,Buy_Momentum_Extension,MOMENTUM_CONTINUATION,89.8333,52.1777,100.0,1.3627,,133966474.9,2.9174,False
MAHSCOOTER.NS,INDIA,Maharashtra Scooters Limited,,2025-09-01,15904.4434,2025-09-02,16024.7601,2025-09-08,17273.2891,5,7.7912,Buy_Early_Momentum,EARLY_MOMENTUM_POSITIVE_PHASE,88.2517,56.7184,90.0,1.2132,,137116977.53,2.5194,False
MAHSCOOTER.NS,INDIA,Maharashtra Scooters Limited,,2025-09-09,17628.3203,2025-09-10,17557.3146,2025-09-16,17714.1191,5,0.8931,Buy_Momentum_Extension,MOMENTUM_CONTINUATION_EXTENDED,98.9835,90.5953,100.0,1.2673,,175557797.74,4.6925,False
MAHSEAMLES.NS,INDIA,Maharashtra Seamless Limited,,2025-06-27,751.174,2025-06-30,754.82,2025-07-04,737.9203,5,-2.2389,Buy_Momentum_Extension,MOMENTUM_CONTINUATION,89.9826,60.2363,100.0,2.643,,307077394.41,2.9154,False
MAITHANALL.NS,INDIA,Maithan Alloys Limited,,2024-09-20,1169.6027,2024-09-23,1178.1714,2024-09-27,1133.5273,5,-3.7893,Buy_Momentum_Extension,MOMENTUM_CONTINUATION,78.397,66.4918,80.0,8.1858,,66176527.93,1.9311,False
MAITHANALL.NS,INDIA,Maithan Alloys Limited,,2025-06-30,1212.01,2025-07-01,1214.567,2025-07-07,1176.4088,5,-3.1417,Buy_Early_Momentum,EARLY_MOMENTUM_POSITIVE_PHASE,77.933,67.4868,80.0,1.2134,,146833134.07,3.225,False
MAITHANALL.NS,INDIA,Maithan Alloys Limited,,2025-09-17,1160.6736,2025-09-18,1171.0984,2025-09-24,1141.6614,5,-2.5136,Buy_Momentum_Extension,MOMENTUM_CONTINUATION,92.0072,80.807,100.0,4.306,,36016513.78,2.1204,False
MALLCOM.NS,INDIA,Mallcom (India) Limited,,2024-09-03,1389.3431,2024-09-04,1393.6236,2024-09-10,1426.7222,5,2.375,Buy_Early_Momentum,EARLY_MOMENTUM_POSITIVE_PHASE,58.0254,36.7025,80.0,2.0578,,9748048.27,1.563,False
MALLCOM.NS,INDIA,Mallcom (India) Limited,,2024-09-17,1600.5819,2024-09-18,1632.6046,2024-09-24,1598.7863,5,-2.0714,Buy_Early_Momentum,EARLY_MOMENTUM_POSITIVE_PHASE,76.2671,47.8694,80.0,48.3354,,17334542.16,3.0976,False
MALLCOM.NS,INDIA,Mallcom (India) Limited,,2024-11-12,1548.009,2024-11-13,1596.1427,2024-11-21,1457.7771,5,-8.6687,Buy_Momentum_Extension,MOMENTUM_CONTINUATION,68.9773,70.803,80.0,3.5252,,4151063.62,1.2058,False
MALLCOM.NS,INDIA,Mallcom (India) Limited,,2024-11-25,1533.0951,2024-11-26,1566.215,2024-12-02,1552.5481,5,-0.8726,Buy_Early_Momentum,EARLY_MOMENTUM_POSITIVE_PHASE,58.3792,24.3515,90.0,1.1186,,4556971.85,0.9459,False
MALLCOM.NS,INDIA,Mallcom (India) Limited,,2024-12-03,1566.0653,2024-12-04,1635.0486,2024-12-10,1601.0807,5,-2.0775,Buy_Momentum_Extension,MOMENTUM_CONTINUATION,72.1389,70.8255,100.0,1.5591,,5294553.59,1.074,False
MALLCOM.NS,INDIA,Mallcom (India) Limited,,2024-12-11,1613.9496,2024-12-12,1662.9811,2024-12-18,1529.9027,5,-8.0024,Buy_Momentum_Extension,MOMENTUM_CONTINUATION,82.0891,67.4515,100.0,1.14,,5238234.77,1.5432,False
MALLCOM.NS,INDIA,Mallcom (India) Limited,,2024-12-20,1637.792,2024-12-23,1679.9402,2024-12-30,1508.9534,5,-10.1782,Buy_Early_Momentum,EARLY_MOMENTUM_POSITIVE_PHASE,78.5194,42.5153,90.0,2.1266,,4766384.15,1.5744,False
MALLCOM.NS,INDIA,Mallcom (India) Limited,,2025-10-09,1361.2,2025-10-10,1420.0,2025-10-16,1414.1,5,-0.4155,Buy_Momentum_Extension,MOMENTUM_CONTINUATION,72.4959,55.2433,80.0,1.3875,,8126908.19,1.1848,False
